
% Ini_t  =[0 3 0 3 0 0 0] * pi / 180;  % 초기값으면 이게 초기
% [Ini]=So_Fine_Theta_Cal( 550, -300 ,650 , 0 , 45 , -45, Ini_t );
% Ini
% Ini * 180/pi

Ini_t  =[-0.2493    0.4194   -0.4166    1.3447   -0.3343   -1.1174   -0.1171]
[GG]=So_Fine_Theta_Cal( 550, 400 ,650 , 0 , 45 , -45, Ini_t );
GG
GG * 180/pi